-248
-565 6791 4091 227 1924 9490 790 -586
4474 8555
9247
2508 9069 960 7617 2622 8709
6900 3257 1903 9440 -828
2158 2345
6946 5844 5382 6072
1081
8541 2457 8287 2642
6730 5975
5531 1715 3659 7239 -997
6093 3511 2098 2692 6306 6150
8624 7740 3296
1466
194 2310 7569 -391 6901 5665 1473 4372 6374 -185 2769 6533 3636 1229 8872 5501 -430 3172 6062 1384 8936 6671 2873 3751 490 8913 9983 4275 917 4422 8219 -327 9575 1946 3850 8901 4118
1027 -893 330
8067 5403 7031 38 6650 2131 9733 5649 -616 18 8283 3939
2919 6587
811 8745 3734 2860 4759 6366 809 5004 3745 6102 8369 7358 7003 4866 557 4820 7395 5658 4696 2763 -428
186
9497 -626 3357 4734 237 9028 5915
12
-881 3059
621 2310 9721 5842
4350
3062 2421
8276 -887
726 3943 5759 2944 3344
3521 9672 1031 -90 8127 -315 3305 39 1616 2768 9765
2542 4163 1720 8518 5308
930 4710 532
4714 8442 6213
8290 1609 3630
1219
458 3660 8661 8893 3889
9037 4381 9220 7063 4174 9541 6993 5193 1265
7490
8211
568 2056 4600
-375 6597
-448 3291 8908 -216
6454 4538 3386 9675 2776 9331
4206 3028 6478 7796 4242 6129
6328 9317 4899 2141 9601
6744 3640 7943 3651 3219 2509 -173
-447 5807 9215
7979 1483 2271
3740 5233 1536 -164 12 7849 5976 37 7915 9135 8383 560 4873 7379 4372 5115 842 4888 5858 5207
7862
5748
1725 3355
6137 5363 1891 1170 4920
6292 6686 4592 8551
2448 4633 9748 1566 -828
404 7739 4866 5888
7106 1154 6903 2853 1350 992 8278 3157 2263 3297 2707 -566 7126 191
1272 2260 8453 2848 3933 8739 750 3165 558 9730 6700 9136 3341
1310
7906 4811 4693 8081 3783 5273 2517 4718 2573 5812
9846
7647 7176 515 2226 3050 8709 5127 -886 744 -551 3509 1360
9950 1184
7825 2248 4251 -927 1226
4734 784 154 209 1070 6405 6628
7687 3303 7379 6536 -466
6202 8237 4531 5647 6373 2061 1868 -990 6767 9053
967 4875 3632 9624 9729
5183
1208
1918 4163 2372 7012 567 4727 9203 241 5536 1384 3777 1586 1827 3213 2032 -437 3011
7767 6090 -632 2578 -862 7398
2004 2872
6816 4786 4734 3471 5770
3484 9193 9040 3732 8648
1931 6515
6752 8727 3348
2711
7269
8154 1289
734 -955 8498 8830 5220
6015 5457 -697
-289 8701 -549 -765 1044 8216 4030 1267 8795 2514
6407
9562
9330 5132 3689 2324
2208 6141
3767 751
105 9845 -807 9756 3434 3147 2247
1876
7070 -501 1419 308 8182 3844 1691 7672 635
7110
4204 3587
7982
8706
3573 -195 5037 8622 8726 6555 980
763 6193 7229 5997
-534
476 5916 2789 -230 8476 -325
2522 5943 2446 4600
4977 5672 5308
2400 1904 4386
1986 3258 2663
9849 6601 2715 9430 3120 8534
4876 5676 1093 5026
3947 1757 8824 4341 7478 6929 6958
7652 7948 7083 1838
6252 1097 -917
5575
7406
3673 3229
6271 7872 3375
8433 3859 5700 1838 8061 4370 6613
3614 2966 1841 6993 5444 5361 -995 4567
5893 5192 9580 9514
5828 986
6086 7423 2333 9881
3115 2912 7231 6472 4985 3215 4246
9689 2073 822 -349
3625 5005 7921 6966 3099 164 9577 4472
7250 -109 8914 1476 9508 2344 8272 -104 5534 7782 8942
-258
-375 1110 1283 6088 2809 1576 2051
6784 2351 5306 7707 8321 5609 8925 7869
2853 5611 495 5348 6159 4262
9466
1465
4078 3119 128 6643 2307 1727 1692 4863 2719 -233 5216 1207 9788 5381 2142
7314 1720 6499 8644
6943 3218
1762 7537
692 4326 2986
6052 9086 9550
1249 2336 6316 1057 6798 9050 2705 1735 7665 5795
117 3211
4798 1420
9765 5915
2478 -125 6068
9914 8173 7247 7998
5715 7978 954 1636 1349 5340 2988 -571 978 2859 3242 1962
9464
992
7253 2885 3889 4121 1393 4391 3572
7525 5910 7181
815 1446 6168 2548 1711
7194 115 9615 5886 6030 9060 316 7953
4521
5916 1684 4090 -501 3647 9664
6635
350 533 2462 -47 64 2061 7731
9810 9862 2606 6052 7992 1228 9765 3913 1455 -141 3636 -679
234 5106
3924 6602 9853 2983 114 1390 3021 7623 3942 5699 6500
4341 9703 7396 4765 7526
9343 924 144 9148 5829 3558 2423
4677 1990 655
709
3408 8549 3340 7262 9089
5837
4297 9766 7786
5833 5432 7991 9539 -36 8419 3562 5270 698 9620
6422 4825 7031
3171 3541 -492 2394 6489
7676
6447 7180 2463 -350 5727 3890
1324 163 2755 6004 2157 7650 3122 1664 2943
4038 500 7579 365 1392
7341 2379 7906 1651 6269 6667 3818 7453 8120
6600 4333 -4
6557 5456 5682
3834 -295 6694 585 648
4343 -389 8593 3596 903 -215
4156 7396 2954 7404 4262 3571 6813 1368 832 1363
1637 -407 3191
2125 4652 2519 6857 2587 4168 138 52 7280 -210 3742 165
3810 9456 3822 -945 5415 7795
7264 9631 1597 4588 9217 640 -775 3346 3404
9643 1865
4660
-249 6070 9533 3047
2625 2728
1417
2113 -991 -132
5561 4020 3348 6976
7183 8363 8875
2987 9973 5623 5190 6749 6907 7829 9526 6339 7230 3771 6253 5553 6196 5337 4304
9577 2320 9205 1692 685 3168 9623 2779 423
