Enter up to 1000 integers, <ctrl>-z to stop: 
Quantity: 100
Range: -98 to 986
Sum: 48152
Average: 481.5200
Data: 
       -98       -91       -79       -78       -27
       -21       -13        -7        16        31
        43        50        58        78        84
        87        87        95       126       127
       127       149       168       192       202
       218       222       244       259       289
       306       315       336       340       351
       365       376       390       399       412
       413       416       438       448       451
       453       454       469       473       483
       486       514       524       530       555
       555       556       558       573       575
       599       603       606       649       653
       659       672       678       695       696
       707       741       753       753       762
       769       776       778       792       792
       814       837       842       847       865
       868       870       884       891       906
       911       911       915       921       931
       931       931       953       953       986

