Enter up to 1000 integers, <ctrl>-z to stop: 
Quantity: 900
Range: -997 to 9983
Sum: 3952828
Average: 4392.0311
Data: 
      -997      -995      -991      -990      -955
      -945      -927      -917      -893      -887
      -886      -881      -862      -828      -828
      -807      -775      -765      -697      -679
      -632      -626      -616      -586      -571
      -566      -565      -551      -549      -534
      -501      -501      -492      -466      -448
      -447      -437      -430      -428      -407
      -391      -389      -375      -375      -350
      -349      -327      -325      -315      -295
      -289      -258      -249      -248      -233
      -230      -216      -215      -210      -195
      -185      -173      -164      -141      -132
      -125      -109      -104       -90       -47
       -36        -4        12        12        18
        37        38        39        52        64
       105       114       115       117       128
       138       144       154       163       164
       165       186       191       194       209
       227       234       237       241       308
       316       330       350       365       404
       423       458       476       490       495
       500       515       532       533       557
       558       560       567       568       585
       621       635       640       648       655
       685       692       698       709       726
       734       744       750       751       763
       784       790       809       811       815
       822       832       842       903       917
       924       930       954       960       967
       978       980       986       992       992
      1027      1031      1044      1057      1070
      1081      1093      1097      1110      1154
      1170      1184      1207      1208      1219
      1226      1228      1229      1249      1265
      1267      1272      1283      1289      1310
      1324      1349      1350      1360      1363
      1368      1384      1384      1390      1392
      1393      1417      1419      1420      1446
      1455      1465      1466      1473      1476
      1483      1536      1566      1576      1586
      1597      1609      1616      1636      1637
      1651      1664      1684      1691      1692
      1692      1711      1715      1720      1720
      1725      1727      1735      1757      1762
      1827      1838      1838      1841      1865
      1868      1876      1891      1903      1904
      1918      1924      1931      1946      1962
      1986      1990      2004      2032      2051
      2056      2061      2061      2073      2098
      2113      2125      2131      2141      2142
      2157      2158      2208      2226      2247
      2248      2260      2263      2271      2307
      2310      2310      2320      2324      2333
      2336      2344      2345      2351      2372
      2379      2394      2400      2421      2423
      2446      2448      2457      2462      2463
      2478      2508      2509      2514      2517
      2519      2522      2542      2548      2573
      2578      2587      2606      2622      2625
      2642      2663      2692      2705      2707
      2711      2715      2719      2728      2755
      2763      2768      2769      2776      2779
      2789      2809      2848      2853      2853
      2859      2860      2872      2873      2885
      2912      2919      2943      2944      2954
      2966      2983      2986      2987      2988
      3011      3021      3028      3047      3050
      3059      3062      3099      3115      3119
      3120      3122      3147      3157      3165
      3168      3171      3172      3191      3211
      3213      3215      3218      3219      3229
      3242      3257      3258      3291      3296
      3297      3303      3305      3340      3341
      3344      3346      3348      3348      3355
      3357      3375      3386      3404      3408
      3434      3471      3484      3509      3511
      3521      3541      3558      3562      3571
      3572      3573      3587      3596      3614
      3625      3630      3632      3636      3636
      3640      3647      3651      3659      3660
      3673      3689      3732      3734      3740
      3742      3745      3751      3767      3771
      3777      3783      3810      3818      3822
      3834      3844      3850      3859      3889
      3889      3890      3913      3924      3933
      3939      3942      3943      3947      4020
      4030      4038      4078      4090      4091
      4118      4121      4156      4163      4163
      4168      4174      4204      4206      4242
      4246      4251      4262      4262      4275
      4297      4304      4326      4333      4341
      4341      4343      4350      4370      4372
      4372      4381      4386      4391      4422
      4472      4474      4521      4531      4538
      4567      4588      4592      4600      4600
      4633      4652      4660      4677      4693
      4696      4710      4714      4718      4727
      4734      4734      4734      4759      4765
      4786      4798      4811      4820      4825
      4863      4866      4866      4873      4875
      4876      4888      4899      4920      4977
      4985      5004      5005      5026      5037
      5106      5115      5127      5132      5183
      5190      5192      5193      5207      5216
      5220      5233      5270      5273      5306
      5308      5308      5337      5340      5348
      5361      5363      5381      5382      5403
      5415      5432      5444      5456      5457
      5501      5531      5534      5536      5553
      5561      5575      5609      5611      5623
      5647      5649      5658      5665      5672
      5676      5682      5699      5700      5715
      5727      5748      5759      5770      5795
      5807      5812      5828      5829      5833
      5837      5842      5844      5858      5886
      5888      5893      5910      5915      5915
      5916      5916      5943      5975      5976
      5997      6004      6015      6030      6052
      6052      6062      6068      6070      6072
      6086      6088      6090      6093      6102
      6129      6137      6141      6150      6159
      6168      6193      6196      6202      6213
      6252      6253      6269      6271      6292
      6306      6316      6328      6339      6366
      6373      6374      6405      6407      6422
      6447      6454      6472      6478      6489
      6499      6500      6515      6533      6536
      6555      6557      6587      6597      6600
      6601      6602      6613      6628      6635
      6643      6650      6667      6671      6686
      6694      6700      6730      6744      6749
      6752      6767      6784      6791      6798
      6813      6816      6857      6900      6901
      6903      6907      6929      6943      6946
      6958      6966      6976      6993      6993
      7003      7012      7031      7031      7063
      7070      7083      7106      7110      7126
      7176      7180      7181      7183      7194
      7229      7230      7231      7239      7247
      7250      7253      7262      7264      7269
      7280      7314      7341      7358      7379
      7379      7395      7396      7396      7398
      7404      7406      7423      7453      7478
      7490      7525      7526      7537      7569
      7579      7617      7623      7647      7650
      7652      7665      7672      7676      7687
      7707      7731      7739      7740      7767
      7782      7786      7795      7796      7825
      7829      7849      7862      7869      7872
      7906      7906      7915      7921      7943
      7948      7953      7978      7979      7982
      7991      7992      7998      8061      8067
      8081      8120      8127      8154      8173
      8182      8211      8216      8219      8237
      8272      8276      8278      8283      8287
      8290      8321      8363      8369      8383
      8419      8433      8442      8453      8476
      8498      8518      8534      8541      8549
      8551      8555      8593      8622      8624
      8644      8648      8661      8701      8706
      8709      8709      8726      8727      8739
      8745      8795      8824      8830      8872
      8875      8893      8901      8908      8913
      8914      8925      8936      8942      9028
      9037      9040      9050      9053      9060
      9069      9086      9089      9135      9136
      9148      9193      9203      9205      9215
      9217      9220      9247      9317      9330
      9331      9343      9430      9440      9456
      9464      9466      9490      9497      9508
      9514      9526      9533      9539      9541
      9550      9562      9575      9577      9577
      9580      9601      9615      9620      9623
      9624      9631      9643      9664      9672
      9675      9689      9703      9721      9729
      9730      9733      9748      9756      9765
      9765      9765      9766      9788      9810
      9845      9846      9849      9853      9862
      9881      9914      9950      9973      9983

