        24
       -18
        46
        -8
       -46
        52
        66
        88
        62
        50
       -44
        -6
       -24
         0
       -34
       -30
       -48
        90
        70
        54
       -24
        58
        10
        22
        -2
        32
        90
        32
        70
        -6
         0
        18
        12
       -26
        42
        52
       -38
        48
       -42
        42
        86
        58
        64
        58
         6
        48
        28
        88
